100
0.19734096438965631 0.9455333797621464
0.9732089983009404 0.2003441384507273
0.8519647051896463 0.4040620770002886
0.40544891839505226 0.763661296215522
0.15124340752092857 0.9523552026423676
0.571374885582554 0.42742244846287436
0.6968256390211722 0.6211572232509655
0.19365472108963067 0.3866264362823284
0.07499764564805422 0.5513865057533419
0.48188632864812064 0.5525430945095788
0.3639111552916856 0.38968973764629933
0.008890115355726924 0.8746529053979597
0.012972141033665174 0.25450884671954044
0.2030001758583031 0.5315538586006238
0.45682332648547663 0.8705553455557189
0.6971070472377581 0.5691901669159549
0.9624536153942105 0.8458460174558075
0.6515449577955598 0.6981720452255863
0.5915530363625585 0.9681935623956288
0.5165361277968874 0.06117098050795733
0.33783360430976794 0.4776806431409204
0.5273008372936612 0.7334855459166881
0.24562914079999532 0.4205833063536666
0.5269379413168145 0.12363871321900344
0.5915425892444796 0.503704664314129
0.7764845728142686 0.7829422587871193
0.2854030199076161 0.3712324749203697
0.28998099811968703 0.6694046743499341
0.02753005927394403 0.2660941233751203
0.6253214780252094 0.06421679642337319
0.8085855890687347 0.8545860091940743
0.4808106646949669 0.4182110745569537
0.9258447055961473 0.597726847903961
0.8785256051897874 0.8971076942012808
0.5882546745867036 0.9921727743785835
0.8220816448188593 0.7587178396145202
0.25782722805051617 0.40750075109233663
0.5533610814509122 0.8657790649808839
0.9581510259760371 0.6137826789341908
0.09173029472928218 0.25369372142171454
0.9187381070538038 0.5398012222758243
0.4628349203088924 0.9089000785670485
0.083431272672987 0.5458981189966688
0.382109099450063 0.3627701936402139
0.6333634673349634 0.31934398109999307
0.7551017463934658 0.3907605025762433
0.6778072224390912 0.2724388924116661
0.6788112633305405 0.1586863315629502
0.7230668888508835 0.26638777155587956
0.913725218869507 0.8465038795534187
0.0572542779228552 0.1936556590782591
0.5839610819814451 0.5277507682670358
0.12825793132488905 0.4068265903431785
0.7913658889059588 0.5282633672676176
0.17993450077920492 0.4156349430391305
0.16988723926052351 0.9285580343666046
0.4695795763072814 0.4110185103007692
0.429036947665554 0.7240996506665847
0.23972116903426344 0.5824596178162779
0.4719994521244364 0.8304908690582252
0.43313443592940826 0.3145411208054463
0.68850578207413 0.9910164057704312
0.4389795361399369 0.29134574572454
0.12310238985169564 0.18054501911416454
0.8548098181812523 0.983514792293067
0.6876552459674219 0.9900017673053926
0.3538365696596524 0.8614495057132997
0.3406546937586469 0.9882236432838373
0.7161883885299895 0.9468708643404952
0.3262388384112691 0.3986665408729614
0.33268585816394824 0.5610968257655815
0.3337899118761204 0.843392799500923
0.5266251831275603 0.9438899364995801
0.852544024383556 0.6314335576692625
0.8862028459921082 0.13500844225876718
0.29995357095024255 0.3783747451324866
0.9551547243719867 0.5820099200988367
0.3534124091210131 0.9741522788671051
0.8767132218277117 0.3772578821763414
0.5805707084999085 0.23211696950174687
0.8186747605789445 0.3939195251384051
0.6219753468590425 0.0771092971147731
0.8731091435078451 0.817461410001592
0.6837819989296313 0.3559562868951839
0.5016429180735958 0.8507114606739015
0.6631068079848297 0.7802279971547416
0.17225669932365995 0.6146846212414825
0.022552733619152554 0.6050928835249298
0.14955547580224215 0.08673243995921898
0.1536769877793719 0.9875963609622778
0.2904074990418045 0.10691949056202266
0.20925240125149058 0.28851275707753876
0.9198248444899315 0.6710219258274527
0.8186105171956803 0.7089924911462732
0.15269278017639942 0.36933074768644014
0.6874322228147982 0.8201352980426709
0.4394867956880686 0.8792921434417763
0.2750545504062585 0.4662220573280291
0.8546501408915674 0.5625944053800968
0.45541335086620127 0.423704494245289
