100
0.8230285372758331 3.9495976722116666
-1.6361128476631848 7.915575276446349
1.2045813960905931 4.3402898323962384
1.02275430625557 4.417236083329042
1.3453572827648113 4.664501282083713
0.8600720333241094 4.213096502275789
-1.7852717187383162 3.490901747262833
-0.963429532668422 7.861725388057152
0.4643890213589913 4.889019946017926
-1.3590103261288833 7.763646262368816
-1.0562163169168726 7.350373202348344
-1.5483203789630196 7.372028686608311
-1.260040620214399 7.485031966319235
-1.0912727765866241 7.78399611627492
-0.9912065911753429 7.64015233765155
2.6202127305497545 0.49333594159520294
1.70333049989863 1.4807500156327245
-0.8119605807627228 3.201226107430247
-1.7292038114191182 2.927431428815428
2.397087726795868 0.5272159138318411
1.6571964657427773 3.8674776250687604
-1.592496370469481 7.7041140022182635
-1.7578788355555002 3.0796570187206678
2.194966253352016 0.43679055405476974
0.7076301101883924 4.419858076806168
-1.556439770549535 2.7188387754244907
-0.95002140527779 3.36203669876345
0.8718964337486492 4.350692018179584
2.501743179571558 1.4664304127471117
2.408901392780773 0.8436862091942315
1.8535293871000926 0.7897977114757745
-1.060686339437994 7.35484271895957
2.108495364109004 0.7771293790754583
2.058417527649124 1.4334248081096874
-1.3426802021180813 3.1945442628030807
1.0701903890417654 4.047558605657873
-1.3976655099538418 8.41431963178669
1.934314437340924 1.264397181052665
-0.5992849899619433 8.236418400472513
-1.7503304598364373 2.6699506997354185
1.0194831498947585 4.740069379537283
-1.4769019646101467 3.1083916924007546
-1.4413412955960174 7.168439069974266
-1.800750680855153 3.252987147761879
-1.735274371141315 2.8729918992348216
-1.6158864303952005 8.088768908562058
1.7940283766783134 0.7240087605086122
-1.7176578367355697 3.1208122498170727
0.823374424020999 4.172365036965034
0.7099343542574612 3.709548386981212
0.6004314705315172 4.537034434197963
1.9618017617946661 0.9145132626068605
-1.3539267682374232 2.8553926346597245
-1.6574500787383966 3.4726613798769255
-1.1889132365899533 2.5939028088240956
-1.2555536120658308 7.614050742879887
-1.0167186093820502 8.082511261830714
2.273994690086139 0.93635853316516
2.1621774405851983 1.1096356103955212
-0.8918468370404598 7.930542799219049
-1.3544539481221953 7.422974627616188
1.7340417349797153 1.2139991780172779
2.093341149243964 1.0182604689713473
1.4361038428540323 4.7445949584184754
1.674122021887158 1.18848267238534
-0.9183578959800163 8.032039134858373
-1.9216762363753617 2.77940687988871
-1.4081019994234119 2.589963808713971
2.117750014855936 1.1906553708830507
1.1094290483701228 4.40388962566067
-1.5585286272814896 8.039938371126082
1.705722569197871 1.167911606024193
0.9453044230084277 4.426966878029901
-1.3849155258013532 7.8407037633491115
0.9899976337369288 4.24763217244064
1.2356009382043467 4.0811378213264575
-0.9666363250939345 3.1896956588157384
-1.6073050245073195 3.158619180072041
2.1759700137861424 0.6922206326558429
1.5662080173430646 1.036498336595669
1.8113236368195418 0.3797788792384338
-1.4701246736635443 8.298364394263615
-1.4374325609600886 3.315798030339232
0.4921007242791096 4.2399652433842
1.864970893328589 0.7888413101417954
-1.242728422889781 2.8713792334058725
1.7830780121179053 0.9132472786767786
1.9311818272049537 0.6734272165057096
1.4244938004937768 4.24223984831865
0.9962252452614454 4.394528896770324
0.9678154100448986 4.432286888607515
-1.4139763538752166 2.5880620241578645
0.6617041890263673 3.8777819462946974
-1.3252155861181747 3.0401208122054557
-1.974281291033587 3.0496997717124836
-1.5795707765746854 7.851109539419887
-1.4892786739983026 7.628595082316534
-1.5473764948192947 3.431885077827933
-0.9719981276119045 7.931078311524501
0.21037313379627143 4.4998729060804985
