100
0.6697869960051712 3.5954080169749427
-2.0239699205802193 7.995690537251104
1.4328927136346912 4.376792337344087
1.0692385339646449 4.530684839209695
1.7144444869831275 5.025215236719037
0.7438739881017237 4.122405677103188
-2.043639424254727 4.063921233192543
-0.6786032905906938 7.887990760472709
-0.04749203582851247 5.474252564587464
-1.4697648775116163 7.691832509096038
-0.864176859087595 6.865286389055093
-1.848384983179889 6.908597357575028
-1.2718254656826475 7.134603916996876
-0.934289778427098 7.732532216908245
-0.7341574076045355 7.444844659661506
3.1851579396666305 0.08900822325246904
1.3513934783643822 2.063836371327512
-0.09701714830354025 3.4845699535273713
-1.931503609616331 2.9369805962977336
2.7389079321588583 0.1567681677257453
2.3381228529390596 3.431167922689131
-1.9367369661928118 7.572767988794934
-1.9888536578890952 3.241431776108213
2.3346649852711536 -0.02408255182839736
0.4389901418302897 4.535928826163947
-1.5859755278771648 2.519795289515858
-0.3731387973336746 3.8061911361937772
0.7675227889508035 4.397596708910778
2.948218837710238 2.0351971655562866
2.7625352641286685 0.7897087584505262
1.6517912527673073 0.6819317630136121
-0.8731169041298378 6.874225422277545
2.1617232067851297 0.6565950982129798
2.0615675338653703 1.969185956281438
-1.1584563910142571 3.4712062642730386
1.1641106995370358 3.791329883867355
-1.5470752451615333 8.993179247931785
1.81336135324897 1.6311307021673933
0.04968579482226354 8.63737678530343
-1.9737569064509692 2.4220191381377143
1.0626962212430218 5.176351431626175
-1.426899915998388 3.2989011234683865
-1.6344268164458846 6.501418124306938
-2.0745973484884006 3.5880920341906344
-1.9436447290607246 2.8281015371365203
-1.983517086044251 8.342077801482523
1.5327892319237488 0.5503538610792875
-1.908411660249234 3.3237422383010227
0.670478769495503 4.0409427464816785
0.44359862996842747 3.1153094465140336
0.22459286251653932 4.770281540947536
1.8683360021564543 0.9313628652757842
-1.1809495232529408 2.7929030079863257
-1.7879961442548877 4.027440498420728
-0.8509224599580012 2.269923356315069
-1.2628514493855116 7.392641470118181
-0.7851814440179499 8.329562508019833
2.4927218587394 0.9750534063923832
2.269087359737519 1.3216075608531057
-0.5354378993347692 8.025625582796504
-1.4606521214982406 7.0104892395907825
1.4128159485265526 1.5303346960966189
2.13141477705505 1.138857278004758
1.8959376071615694 5.185402589388561
1.2929765223414378 1.4793016848327434
-0.5884600172138824 8.228618254075153
-2.316448459528818 2.6409314984442975
-1.2892999856249183 2.2620453560948195
2.180232508278994 1.4836470818281646
1.2425880181937505 4.50399192387295
-1.8688014798168289 8.24441672661057
1.356177616962864 1.438159552110449
0.9143387674703604 4.550146428611414
-1.5215752768565562 7.845947511056628
1.0037251889273626 4.19147701743289
1.4949317978621983 3.858488315204525
-0.4063686369659636 3.461509056298354
-1.6877060357927336 3.39935609881096
2.2966725061394073 0.4867776053737489
1.0771485132532512 1.1753330132534012
1.5673797522062056 -0.13810590146106927
-1.6919935725809383 8.761268772885636
-1.347961108698272 3.713713799345341
0.00793137001172417 4.1761431593200085
1.6746742652242999 0.680018960345654
-0.9585528325576567 2.8248762054786223
1.5108885028029326 0.9288308974156202
1.8070961329770294 0.4491907730734822
1.8727175224410586 4.180692369188909
1.0161804119763957 4.485270466092259
0.9593607415433021 4.56078644976664
-1.3010486945285278 2.258241786982606
0.34713829950623953 3.451776565141005
-1.123527159014444 3.162359363077789
-2.4216585688452685 3.181517282091845
-1.9108857784032205 7.866759063198179
-1.730301573250455 7.4217301489914735
-1.567848976416684 3.945887894322743
-0.6957404804776589 8.026696607407407
-0.5555238109539522 4.695958484712606
